1010001001011000111101101
1010001001011000111101111
1110001001011000111101101
1110001001011000111111111
1010001100111000111000001
1010001100111100011000001
1001001100111101011000001
1010001101011000111101101
1010001101011100111001101
1010001101111100011001101
1010001101111100011101101
1010001101111100111001101
1010001101111100111101101
1001001101110100010000001
1001001101111100011000000
1001001101111100011000001
1011001101111100011000001
1011001101111100011001001
0011010000000001100100110
0011010000000101000100110
0111010000000001100110110
0111010000000001110110100
1100011001011000111111111
1100011011001010101111111
1100011011011000111111111
1001100000010000101011111
1011100000010000101011111
1111100000010000011101101
1111100000010000111001101
1111100000010000111101001
1111100000010000111101101
1110100000010000111101101
1110100000010001111101101
0111100000010000111100101
0111100000010000111101101
0111100000010001110100100
0111100000010001110101101
0111100000010001111100101
0111100000010001111101101
0111100000010010101101101
0110100000010000111001001
0110100000010000111101101
1110100001010000111101101
1111100001011000111001101
1111100001011000111101101
1111100001011001110001101
1111100001011001110101101
0111100001010000111100101
0111100001010000111101101
0111100001010001111101101
0101100000010000111100101
0101100000010000111101100
0101100000010000111101101
0101100000010001110100100
0101100000010001110101100
0101100000010001111100101
0101100000010001111101101
0111100001011000111100100
0111100001011000111100101
0111100001011000111101101
1101100000010000111001101
0110100001010000111001001
0101100001010000110100101
0101100001010000111100101
0101100001011000111000100
0101100001011000111100100
0101100001011000111100101
0101100001011001111101100
0101100010010001110100100
0101100010010011100100100
0101100010010011110100100
0101100011011000111100100
1110101000010000111001101
1110101000010000111101101
1110101000010001110001101
1110101000010001110101101
1110101000010001111101101
1110101000010011110101101
1110101000011000111000001
1110101000011000111100101
1110101000011000111101101
1110101000011001111101101
1010101001011000101011111
1010101001011000101111111
1010101001011000111101101
1010101001011000111101111
1010101001011000111111101
1110101001001000101101101
1110101001001000111100100
1110101001001000111101101
1110101001001010101101101
1110101001001010101111101
1110101001001010111101101
1110101001010000111101101
1110101001010001110100101
1110101001010001110101101
1110101001010001111101101
1110101001011000011101101
1110101001011000101101101
1110101001011000101111101
1110101001011000110100101
1110101001011000110101101
1110101001011000111001101
1110101001011000111100100
1110101001011000111100101
1111101001011000111000001
1110101001011000111101100
1110101001011000111101101
1110101001011000111101111
1111101001011000111001001
1110101001011000111111101
1111101001011000111101101
1111101001011001011001101
1110101001011001110100100
1110101001011001110100101
1110101001011001110101101
1110101001011001111100101
1110101001011001111101101
1111101001011001111001001
1110101001011010101101101
1110101001011010111101101
1111101001011001111101101
1110101001011100011101101
1110101001011100111001101
1110101001011100111101101
1111101001011100011101101
0110101000010000111001101
0110101000010000111101101
1100101000010000111100101
1100101000010000111101101
1111101001011101011101101
0111101001011000111101101
1110101010010001110101101
1101101000011001111000001
0100101001011000111000100
0110101001011000111001101
0110101001011000111101101
1100101001011000110100100
1100101001011000110100101
1100101001011000110101100
1100101001011000111100100
1100101001011000111100101
1100101001011000111101100
1100101001011000111101101
1100101001011001110100100
1100101001011001110101101
1100101001011001111100101
1100101001011001111101100
0101101001011000111100100
1101101001010000110100001
1000101001011000101111111
1110101011001010101101101
1101101001011000111000000
1101101001011000111000001
1101101001011001111101100
1101101001011001111101101
1110101011011000111100101
1110101011011000111101101
1100101011011000111100100
1010101101011000111101111
0111110000000000111101101
0111110000000001100100100
0111110000000001110100100
0111110000010000111101101
0111110000010001110100100
0111110000010010101101101
0111110000010011100100100
0111110000010011110100100
0111110001011000111100100
1001110110000110101011111
1011110111001110101010110
1110111001001000111101101
1110111001001001100100100
1110111001011000110100100
1110111001011000111100100
1110111001011000111100101
1110111001011000111101100
1110111001011000111101101
1110111001011001110100100
1110111001011010101101101
1100111001001000111101101
1100111001011000111101101
1100111011001010111101101
1100111011011000111101101
1010111111001110101010110
1000111111001110101011111