1111000010100100101011111110001
1000000011010011101000001001101
1100000011110111001100101101111
1100000011110111001110101101101
1100000011110111001110101111101
1000000101010011001100001001111
0001000101111010101100100000011
1000000110110011101100101001011
1000000111000001011100001001111
1000000111010001001100001001111
1000000111010001001100101101111
1000000111010011001100001001111
1000000111010011001100101101111
1000000111010011001110001001111
1000000111010011001110011001111
1000000111010011001110101001011
1000000111010011001110101101111
1000000111010011011100001001111
1000000111010011011110011001111
1100000111010011001100001001111
1100000111010011001110001001111
1100000111010011001110011011101
1000000111110001001100001001111
1000000111110001101100001001111
1000000111110001101100101001011
1000000111110001101100101001111
1000000111110011001100001001111
1000000111110011001110001001111
1000000111110011001110011001111
1000000111110011101000001001111
1000000111110011101010001001111
1000000111110011101100001001111
1000000111110011101100001101111
1000000111110011101100101001011
1000000111110011101100101001111
1000000111110011101100101101111
1000000111110011101110001001111
1000000111110011101110011001111
1000000111110011101110101001011
1000000111110011101110101001111
1000000111110011101110101101111
1000000111110011101110111001011
1000000111110011101110111001111
1000000111110011111110111001011
1000000111110111001100101101111
1000000111110111001110101101111
1100000111110111001110101111111
0001001111010011001110001001111
0110010000100101111010111111001
1110010000100101111010111111001
0110010001000001111000011011001
1010010001000001001100001001101
1010010001000001011010111011101
1010010001000001011100011001101
1010010001000001011100011011101
1010010001000001011110011011101
1010010001000001011110111111101
1010010001000001101000001001101
1010010001000001111000011001001
1010010001000001111000011001101
1010010001000001111010011011101
0010010001000001101000001001001
0010010001000001111000011001001
0010010001000001111010011011001
1110010001000001011100011011101
1110010001000001011100111111101
1110010001000001111000011011001
1110010001000001111000011011101
1110010001000001111010011011101
1110010001000101011000011011101
1110010001000101011000011111101
1110010001000101011010011011101
1110010001000101011010011111101
1110010001000101011100111111101
1110010001000101011110111111101
0110010001100101011110011011001
0110010001100101111000111111001
0110010001100101111010011111101
0110010001100101111010111111001
1111010001100101111010111111001
0110010001101101111010111111001
1010010001100001011000011001101
1010010001100001011000111001101
1010010001100101011100011011101
1010010001100101011100111111101
1110010001100001011110011011101
1110010001100001111000011011101
1110010001100001111010011011101
1110010001100101001100101101101
1110010001100101001100101111101
1110010001100101001110111111101
1110010001100101011010011011101
1110010001100101011010011111101
1110010001100101011100011001101
1110010001100101011100011011101
1110010001100101011100101111101
1110010001100101011100111101101
1110010001100101011100111111101
1110010001100101011110011011101
1110010001100101011110011111001
1110010001100101011110011111101
1110010001100101011110111111101
1110010001100101101010011011101
1110010001100101111000011011101
1110010001100101111010011011001
1110010001100101111010011011101
1110010001100101111010011111101
1110010001100101111010111011101
1110010001100101111010111111001
1110010001100101111010111111101
1110010001100101111110011011101
1110010001100101111110011111101
1110010001100111011110111111101
1110010001100111111010011011101
1111010011101100111010110110001
1110010011100101011110111111101
1110010011100101111010011011101
0111010011101100111010110110001
1000010101000001001100001001111
1110010101000001001110011011101
1110010101000001011000011011101
1110010101000001011000011111101
1110010101000001011000111011101
1110010101000001011100011011101
1110010101000001011100111111101
1110010101000001011110011011101
1110010101000001011110011011111
1110010101000001111000011011101
1010010101000001001100001001101
1010010101000001001100001001111
1010010101000001001100011011101
1010010101000001001110011001111
1010010101000001001110011011101
1010010101000001011010011011101
1010010101000001011010111011101
1010010101000001011100001001111
1010010101000001011100011001101
1010010101000001011100011001111
1010010101000001011100011011101
1010010101000001011100011011111
1010010101000001011100101101111
1010010101000001011110001001111
1010010101000001011110011001111
1010010101000001011110011011101
1010010101000001011110111011001
1010010101000001011110111011101
1010010101000001011110111111101
1010010101000001111010011011101
1010010101000001111110011011101
1010010101000001111110111011101
1010010101000001111110111111101
1010010101000011011110011001111
1010010101000011011110011011101
1110010101000101011110111111111
1110010101100001111000011011101
1010010101100001011100011001111
1010010101100001011110011011101
1010010101100001101100001001111
1010010101100001101100101001011
1010010101100001101100101001111
1010010101100001111000011001111
1010010101100001111100001001111
1010010101100001111100011001111
1010010101100001111100101001011
1010010101100001111100101001111
1010010101100001111100111001011
1010010101100001111100111001111
1010010101100001111100111011011
1010010101100001111100111101111
1010010101100001111110111001011
1010010101100001111110111011001
1010010101100001111110111011011
1010010101100001111110111011101
1110010101100101011100111111101
1010010101100101011100111101111
1010010101100101011110111111101
1010010111000001011110011011101
0110011001100101111000111111001
0110011001100101111010111111001
0110011001100111111010111111001
0110011001101101111010111111001
0111011001100101111010011011101
0110011011100101111010111111001
1111011011101100111010110110001
0011011101000001011110011011101
1100100011010101001000001101111
1100100011010111001000001001111
1100100011010111001000001101111
1100100011010111001010001101111
1100100011010111001100101101111
1000100011110001001000101001111
1000100011110011001000101001111
1000100011110011001010001011111
1000100011110011001010101001101
1000100011110011001010101001111
1000100011110011001010101011111
1000100011110011001010111011101
1000100011110011001100001001111
1000100011110011001110001011111
1000100011110011011010111011111
1000100011110011101000001001111
1000100011110011101010001001101
1000100011110011101010001001111
1000100011110011101010001011111
1000100011110011111010011011111
1000100011110111001100001001111
1000100011110111001100101101111
1000100011110111001110001001111
1000100011110111001110101101111
1000100011110111001110111111101
0100100011010111001000001101111
1100100011110011001000101001111
1100100011110011001010001001111
1100100011110011001010001101111
1100100011110011001010101001111
1100100011110011001110001001111
1100100011110011001110101101111
1100100011110111001110101101111
1100100011110111101010001001111
0000100011110011001010101011111
1000100101000001000110010011100
1010100011110011011010111011111
1000100101000001001100001001101
1000100101000001001100001011101
1000100101000001001110010010101
1000100101000001001110010011100
1000100101000001001110011010100
1000100101000001001110011010101
1000100101000001001110011011100
1000100101000001001110011011101
1000100101000001001111010011100
1000100101000001011100011011101
1000100101000001011110011011100
1000100101000001011110011011101
1000100101000011000110000011100
1000100101000011000110010011100
1000100101000011001110001011101
1000100101000011010110010011100
1000100101001001000110010011100
1000100101010001001100001001101
1000100101010001001100001011101
1000100101010001001100011011101
1000100101010001001110001011101
1000100101010001010110010011100
1000100101010001011100001011101
1000100101010001011110010011100
1000100101010001011110011001111
1000100101010001011110011011100
1000100101010001011110011011101
1000100101010011001100001001111
1000100101010011001110010010101
1000100101010011001110011011101
1010100100001001001101000011101
1010100100001001001111010011101
1100100101100101001100101101101
1100100101110101001100101101101
1100100101110111001100101101101
1010100101000001001100001011101
1010100101000001001100011011101
1010100101000001001110011011100
1010100101000001001110011011101
1010100101000001001111010011101
1010100101000001011110011011101
1010100101000011001110001011101
1010100101000011001110011011101
1010100101000011011110010011100
1010100101000011011110011011100
1010100101000011011110011011101
1010100101010011001110011011100
0011100110000000001111011010101
1010100101100101001110111111101
0011100110001000001111011010101
1000100111000000010110011010100
1000100111000000011110011010101
1000100111000000011111011010101
1000100111000001001100001001101
1000100111000001001100001001111
1000100111000001001100001011101
1000100111000001001100011001111
1000100111000001001100011011101
1000100111000001001110001001101
1000100111000001001110001011101
1000100111000001001110011001101
1000100111000001001110011001111
1000100111000001001110011011101
1000100111000001010110011010101
1000100111000001010110011011100
1000100111000001011100001001111
1000100111000001011100001011101
1000100111000001011100011001101
1000100111000001011100011011101
1000100111000001011110001001101
1000100111000001011110010011100
1000100111000001011110011001111
1000100111000001011110011010100
1000100111000001011110011010101
1000100111000001011110011011100
1000100111000001011110011011101
1000100111000001011110111111101
1000100111000001011111011010101
1000100111000010000110011010100
1000100111000011001100001001101
1000100111000011001100001001111
1000100111000011001100001011101
1000100111000011001100011001101
1000100111000011001100011001111
1000100111000011001100011011101
1000100111000011001110001001101
1000100111000011001110001011101
1000100111000011001110011001111
1000100111000011001110011010100
1000100111000011001110011011101
1000100111000011011110011001111
1000100111000011011110011011101
1000100111010001001100001001101
1000100111010001001100001001111
1000100111010001001100001011101
1000100111010001001100001011111
1000100111010001001100011011101
1000100111010001001100101101101
1000100111010001001100101111101
1000100111010001001110001011101
1000100111010001001110011011101
1000100111010001010110011011100
1000100111010001011100001011101
1000100111010001011110001001101
1000100111010001011110001011101
1000100111010001011110001011111
1000100111010001011110011001111
1000100111010001011110011011100
1000100111010001011110011011101
1000100111010001011110111111101
1010100110000000001111011010101
1000100111010011001000101001101
1000100111010011001010101001101
1000100111010011001010101011101
1000100111010011001010111011101
1000100111010011001100001001101
1000100111010011001100001001111
1000100111010011001100001011101
1000100111010011001100011001101
1000100111010011001100011001111
1000100111010011001100011011101
1000100111010011001100101101101
1000100111010011001100101101111
1000100111010011001100101111101
1000100111010011001110001001101
1000100111010011001110001001111
1000100111010011001110001011101
1000100111010011001110001011111
1000100111010011001110001111001
1000100111010011001110011001101
1000100111010011001110011001111
1000100111010011001110011011101
1000100111010011001110011111001
1000100111010011001110101011001
1000100111010011001110101011101
1000100111010011001110101101101
1000100111010011001110101111101
1000100111010011001110111011001
1000100111010011001110111011101
1000100111010011001110111111101
1000100111010011011010111011101
1000100111010011011100001001101
1000100111010011011100001001111
1000100111010011011100001011101
1000100111010011011100011001101
1000100111010011011110001001101
1000100111010011011110001001111
1000100111010011011110001011101
1000100111010011011110011001101
1000100111010011011110011001111
1000100111010011011110011010100
1000100111010011011110011010101
1000100111010011011110011011101
1000100111010011011110011011111
1000100111010011011110111111101
1000100111010011101000001001111
1000100111010011101010001001101
1000100111010011101010001011101
1000100111010011101100101001111
1000100111010011101110101011101
1001100111000000011110011010101
1100100111000001001100001001101
1000100111100101001100101101101
1000100111100101001100111111101
1000100111100101001110111111101
1000100111100101011100111111101
1000100111100101011110111111101
1010100110010011011111011011101
1000100111100111001110111111101
0001100101011010001110010010101
1100100111010001001100001001101
1100100111010001001100001001111
1100100111010001001100001011101
1100100111010001001100011001101
1100100111010011001010001101111
1100100111010011001010101001111
1100100111010011001100001001101
1100100111010011001100001001111
1100100111010011001110001001101
1100100111010011001110001001111
1100100111010011001110001011101
1100100111010011001110011001101
1100100111010011001110101101111
1000100111110011001000001001111
1000100111110011001010001001101
1000100111110011001010011011101
1000100111110011001100001001111
1000100111110011001100101001111
1000100111110011001100101101111
1000100111110011001110001001101
1000100111110011001110001001111
1000100111110011001110001011111
1000100111110011001110011001111
1000100111110011001110011011101
1000100111110011001110101001101
1000100111110011001110101001111
1000100111110011001110111001111
1000100111110011001110111011101
1000100111110011001110111111101
1000100111110011101000001001111
1000100111110011101000001101111
1000100111110011101010011011101
1000100111110011101100001001111
1000100111110011101110001001101
1000100111110011101110001001111
1000100111110011101110001011101
1000100111110011101110011011101
1000100111110011101110111011001
1000100111110011101110111011101
1000100111110011101110111111101
1000100111110011111110011011101
1000100111110101001100101101101
1000100111110101001100101111101
1000100111110101001100101111111
1000100111110101011110111111101
1000100111110111001100001001111
1000100111110111001100101101101
1000100111110111001100101101111
1000100111110111001100101111101
1000100111110111001100111111101
1000100111110111001110001001101
1000100111110111001110001011101
1000100111110111001110011011101
1000100111110111001110101101101
1000100111110111001110101101111
1000100111110111001110101111101
1000100111110111001110101111111
1000100111110111001110111101101
1000100111110111001110111101111
1000100111110111001110111111101
1000100111110111011100101101101
1000100111110111011110111111101
1000100111110111011110111111111
1000100111110111101000001001101
1000100111110111101000001001111
1000100111110111101010001001101
1000100111110111101010001011101
1000100111110111101010011011101
0011100111000000001110011010101
0011100111000000001111011010101
0011100111000000011111011010101
1100100111100101001100101101101
1100100111100101001100111101101
1100100111100101011100101101111
1100100111100101011100111101101
1100100111100111001100101101101
1100100111100111001100111101101
1100100111100111001110101101101
0000100111010011001110001011101
0000100111010011001110011011101
1100100111110011001110001001111
1100100111110011101010001001111
1100100111110011101010001101111
1100100111110101001100101101101
1100100111110101001100101101111
1100100111110101001100101111101
1100100111110101001100111101101
1100100111110111001100001001101
1100100111110111001100101101101
1100100111110111001100101101111
1100100111110111001100101111101
1100100111110111001100111101101
1100100111110111001100111111101
1100100111110111001110001001101
1100100111110111001110101101101
1100100111110111001110101101111
1100100111110111001110101111101
1100100111110111001110101111111
1100100111110111001110111101101
1100100111110111001110111111111
1011100111000000001111011010101
1100100111110111011100101101111
1100100111110111011100111101101
1100100111110111011110101101101
1100100111110111011110111101101
1100100111110111011110111111101
1010100111000000000110011010101
1010100111000000001111001010101
1010100111000000001111011010101
1010100111000000011111011010101
1010100111000001000111011010101
1010100111000001001110001010101
1010100111000001001110001011101
1010100111000001001110011010101
1010100111000001001110011011101
1010100111000001001111001010101
1010100111000001001111011010101
1010100111000001011110010011100
1010100111000001011110011010101
1010100111000001011110011011100
1010100111000001011110011011101
1010100111000001011111011010101
1010100111001001001111011010101
1010100111010001000101001011100
1010100111010001000111001011100
1010100111010001000111011011100
1010100111010001001100001001100
1010100111010001001100001011100
1010100111010001001110001011100
1010100111010001001110011011100
1010100111010001001110011011101
1010100111010001010111011011100
1010100111010001011110011001111
1010100111010001011110011010101
1010100111010001011110011011100
1010100111010001011110011011101
1010100111010001011111011010101
1010100111010011001100001001100
1010100111010011001100001001110
1010100111010011001100001011100
1010100111010011001110001011100
1010100111010011001110001011101
1010100111010011001110011010101
1010100111010011001110011011100
1010100111010011001110011011101
1010100111010011011110011001111
1010100111010011011110011010101
1010100111010011011110011011100
1010100111010011011110011011101
1010100111010011011110111111101
1110100111110111001100101101100
1110100111110111011110101101101
1010100111110111001110111111101
1010100111110111011110111111101
1010100111110111011110111111111
0001100111000000010110011010100
0001100111000000011110011010101
0001100111000001011110011011101
0001100111000010000110011010100
0001100111010011001100001001101
0001100111010011001100001001111
0001100111010011001110001001101
0001100111010011001110001011101
0001100111010011001110011011101
0001100111010011011110011011101
0011101100001000000111010010100
0011101100011000000101000000100
0011101100011000000101000010100
0011101100011000000111000010100
0011101100011000010111010010100
1010101100001001001111010011101
1000101111000001010110011010101
1000101111000001010110011011100
0011101110000000001111001010101
0011101110000000001111011010101
0011101110000000011111011010101
0011101110001000000110011010101
0011101110001000000111011010101
0011101110001000001111001010101
0011101110001000001111011010101
0011101110001000011111011010101
0011101110001001001111011010101
1000101111010001010110011011100
1000101111010011001110001011101
1000101111010011001110011011101
1010101110000001000111011010101
0011101110011010000111010010100
0011101110011010010111010010100
1010101110001000001111011010101
1010101110001001001111011010101
1010101110010001000101001011100
1010101110010001000111001011100
1010101110010001000111011011100
1010101110010001010111011011100
0011101111000000000110011010101
0011101111000000001111011010101
0011101111000000010110011010101
0011101111010011011110011011101
0001101110001000010111010010100
0001101110001000010111010010101
0001101110001000010111011010101
0001101110001000011110011010101
0001101110001000011111011010101
1010101111010011010110011011101
0001101110001001011110011010101
0001101110010011001110001011101
0001101110010011001110011011101
0001101111000000010110011010100
0001101111000000011110011010101
0001101111000001011110011010101
0001101111000001011110011011101
0001101111000010000110011010100
0001101111010001001100001001101
0001101111010001001100001011101
0001101111010001011110011011101
0001101111010011001100001001101
0001101111010011001100001001111
0001101111010011001110001001101
0001101111010011001110001011101
0001101111010011001110011011101
0001101111010011011110011011101
1110110001000101011000011101111
1010110001000001011000011011101
1110110001100001001100001001101
1110110001100001011000101001111
1110110001100001011000111001111
1110110001100001011000111011111
1110110001100001011010111011101
1110110001100001011100011001101
1110110001100001011110011011101
0010110001100001011000111011101
0010110001100001011010111011111
1010110001000101011100011011101
1010110001000101011100111111101
1110110001100101011010011011101
1110110001100101011010011111101
1110110001100101011110011011101
1110110001100101011110111111101
1110110001100101111010011011101
1110110001100101111110011011101
1010110001100001001000111011111
1010110001100001001010111011101
1010110001100001001110011011101
1010110001100001011000111001111
1010110001100001011000111011101
1010110001100001011000111011111
1010110001100001011010011011111
1010110001100001011010011111111
1010110001100001011010111011101
1010110001100001011010111011111
1010110001100001011100011001111
1010110001100001011100011011101
1010110001100001011110011011101
1010110001100001011110011011111
1010110001100001101000011011111
1010110001100001101010011011101
1010110001100001111000011001101
1010110001100001111000011001111
1010110001100001111000011011101
1010110001100001111000011011111
1010110001100001111010011011101
1010110001100001111010011011111
1010110001100011011010111011101
1010110001100011011010111011111
1010110001100101001110111111101
1010110001100101011000011011101
1010110001100101011100011001111
1010110001100101011100011011101
1010110001100101011100111011101
1010110001100101011100111101111
1010110001100101011100111111101
1010110001100101011110101101111
1010110001100101011110111111101
1010110001100101011110111111111
1010110001100101101110011011101
1010110001100101111100011011101
1010110001100101111110011011101
1000110100000001010111011011100
1000110100000001011110010010100
1000110100000001011110011011100
1000110100000011010111011011100
1000110100001000010111010010100
1000110100001001010111011011100
1000110100001001011110011011100
1000110100001001011111010010100
1000110100001001011111010011100
1000110101000000011111011010101
1000110101000001001100001001100
1000110101000001001100001001101
1000110101000001001100001001111
1000110101000001001100001011100
1000110101000001001100001011101
1000110101000001001100011011100
1000110101000001001100011011101
1000110101000001001110001001100
1000110101000001001110001001101
1000110101000001001110001011100
1000110101000001001110001011101
1000110101000001001110011001101
1000110101000001001110011001111
1000110101000001001110011010101
1000110101000001001110011011100
1000110101000001001110011011101
1000110101000001010110010011100
1000110101000001010110011011100
1000110101000001010111010010100
1000110101000001010111011010101
1000110101000001010111011011100
1000110101000001011100001011101
1000110101000001011100011011100
1000110101000001011100011011101
1000110101000001011110010010100
1000110101000001011110010011100
1000110101000001011110011001110
1000110101000001011110011010101
1000110101000001011110011011100
1000110101000001011110011011101
1000110101000001011110111111100
1000110101000001011111010010100
1000110101000001011111010011100
1000110101000001011111011010101
1000110101000011001100001001101
1000110101000011001110011011100
1000110101000011010110010011100
1000110101000011010110011011100
1000110101000011010111011011100
1000110101000011011100011001100
1000110101000011011110010011100
1000110101000011011110011001110
1000110101000011011110011011100
1000110101000011011110011011101
1000110101000011011110111111100
1000110101001000010111010010100
1000110101001000010111011011100
1000110101001001010110010011100
1000110101001001011110010011100
1010110011100001011010111011111
1100110101000001001100001001101
0010110100000001011110011011101
0011110100000001011110011011101
0010110100001001011100011011101
0010110100001001011110011011101
0010110100001001011111010011101
0011110100001000011110011011101
0011110100001001011110011011101
1000110101100101001100101101101
1000110101100101001100101111101
1000110101100101001110101101101
1000110101100101001110111111101
1000110101100101011110111111100
1000110101100111011110111111100
1010110100000001001110011011101
1010110100000001011100011011101
1010110100000001011110011011101
1010110100000001011111011011101
1010110100000011011110011011101
1100110101100101001100101101100
1100110101100101001100101101101
1100110101100101001100111101101
1100110101100101001110101101101
1100110101100101011110111111100
1100110101100111001100101101101
1100110101100111011100111101100
1100110101100111011110111101100
1010110100001000010110011011101
1010110100001000011110011011101
1010110100001001001110011011101
1010110100001001001111010011101
1010110100001001010111011011101
1010110100001001011100011011101
1010110100001001011101010011101
1010110100001001011110011011101
1010110100001001011111010011101
1010110100001011011110011011101
1010110100001011011111010011101
1000110110001000010111010010100
1110110101000001001100001001101
1110110101000001001100001001111
1110110101000001001100001011101
1110110101000001001100011001101
1110110101000001001100011011111
1110110101000001001100101101101
1110110101000001001110001001101
1110110101000001001110011001101
1110110101000001001110011001111
1110110101000001011000011101111
1110110101000001011000111001111
1110110101000001011100001001101
1110110101000001011100001001111
1110110101000001011100001011101
1110110101000001011100001011111
1110110101000001011100011001101
1110110101000001011100011001111
1110110101000001011100011011101
1110110101000001011100011011111
1110110101000001011100111101101
1110110101000001011100111101111
1110110101000001011100111111101
1110110101000001011110001001101
1110110101000001011110001001111
1110110101000001011110001011101
1110110101000001011110011001101
1110110101000001011110011011101
1110110101000001011110011011111
1110110101000001011110101101111
1110110101000001011110111101101
1000110110001010010111010010100
1110110101000001111000011011101
1010110100100001111100111011001
1010110100100001111110111011001
1110110101000011001100011001101
1110110101000011011110011001101
1110110101000011011110111101101
1110110101000101011100011101101
0010110101000001001100001011101
0010110101000001001110011011001
0010110101000001001110011011101
0010110101000001011010111011101
0010110101000001011100001011101
0010110101000001011100011011001
0010110101000001011100011011101
0010110101000001011100011111101
0010110101000001011100111011101
0010110101000001011110011011001
0010110101000001011110011011101
0010110101000001011110011111101
0010110101000001011110111011101
0010110101000011011110011011001
0010110101000011011110011011101
0010110101000011011110011111101
0010110101000011011110111011101
0011110101000000010110011011101
0011110101000000011110011010101
0011110101000000011110011011101
0011110101000001001100001001101
0011110101000001001100001011101
0011110101000001001100011011101
0011110101000001001110001011101
0011110101000001001110011011101
0011110101000001010110011011101
0011110101000001010111011011101
0011110101000001011010011011101
0011110101000001011100001011101
0011110101000001011100011001101
0011110101000001011100011011001
0011110101000001011100011011101
0011110101000001011110011001111
0011110101000001011110011011001
0011110101000001011110011011101
0011110101000001011110011111101
0011110101000001011110111011001
0011110101000001011110111011101
0011110101000001011110111111001
0011110101000001011110111111101
0011110101000010011110011010101
1010110100101101011100111111101
0011110101000011011110011011101
1011110101000000011110011011101
1011110101000001001110011011101
1011110101000001011100011011101
1011110101000001011110011011101
1011110101000011011110011011101
1000110110011011011111010011101
0011110101001000011110010010101
0011110101001000011110011011101
0011110101001001011110011011101
0011110101001010011110010010101
0011110101010000010100001010100
0011110101010000010110011010100
0011110101010001011110011011101
0011110101010010001110011010101
0011110101010011001110011011101
1011110101010010001110011010101
1010110101000000010100011011101
1010110101000000010110011010100
1010110101000000010110011011101
1010110101000000010111010011101
1010110101000000011110011011101
1010110101000000011111011011101
1110110101100001011000011011101
1010110101000001000100001011100
1110110101100001011010011011101
1110110101100001011010011111101
1110110101100001011010111011101
1010110101000001000111011011101
1110110101100001011100011001101
1110110101100001011100011011101
1110110101100001011110011011101
1010110101000001001000101001101
1010110101000001001000101011101
1010110101000001001010011011101
1010110101000001001010011111101
1010110101000001001010111011101
1010110101000001001100000010101
1010110101000001001100000011100
1010110101000001001100001000100
1010110101000001001100001000101
1010110101000001001100001001101
1010110101000001001100001001111
1010110101000001001100001010100
1010110101000001001100001010101
1010110101000001001100001011100
1010110101000001001100001011101
1010110101000001001100001011111
1010110101000001001100001111001
1010110101000001001100011001101
1010110101000001001100011001111
1010110101000001001100011011101
1010110101000001001100011011111
1010110101000001001100101011001
1010110101000001001100101011101
1010110101000001001100101101101
1010110101000001001100101111101
1010110101000001001100111111101
1010110101000001001101000010100
1010110101000001001101000011101
1010110101000001001110001001101
1010110101000001001110001011101
1010110101000001001110001011111
1010110101000001001110010010101
1010110101000001001110011001101
1010110101000001001110011001111
1010110101000001001110011010100
1010110101000001001110011010101
1010110101000001001110011011001
1010110101000001001110011011101
1010110101000001001110011011111
1010110101000001001110011111001
1010110101000001001110011111101
1010110101000001001110101101101
1010110101000001001110101111101
1010110101000001001110111011001
1010110101000001001110111011101
1010110101000001001110111101101
1010110101000001001110111111101
1010110101000001001111010011101
1010110101000001010100011011101
1010110101000001010101011011101
1010110101000001010110010011101
1010110101000001010110011010101
1010110101000001010110011011100
1010110101000001010110011011101
1010110101000001010111010010101
1010110101000001010111011011101
1010110101000001011000011011101
1010110101000001011000011111101
1010110101000001011000101011101
1010110101000001011000111001101
1010110101000001011000111011101
1010110101000001011010011011001
1010110101000001011010011011101
1010110101000001011010011111101
1010110101000001011010111011101
1010110101000001011010111111101
1010110101000001011100001001101
1010110101000001011100001001111
1010110101000001011100001011101
1010110101000001011100001011111
1010110101000001011100001111001
1010110101000001011100010010101
1010110101000001011100011001101
1010110101000001011100011001111
1010110101000001011100011010101
1010110101000001011100011011001
1010110101000001011100011011101
1010110101000001011100011011111
1010110101000001011100011111001
1010110101000001011100011111101
1010110101000001011100101011001
1010110101000001011100101011101
1010110101000001011100101111101
1010110101000001011100111011001
1010110101000001011100111011101
1010110101000001011100111101101
1010110101000001011100111111101
1010110101000001011101010011101
1010110101000001011110001001101
1010110101000001011110001001111
1010110101000001011110001011101
1010110101000001011110001011111
1010110101000001011110010010101
1010110101000001011110010011100
1010110101000001011110010011101
1010110101000001011110011001101
1010110101000001011110011001111
1010110101000001011110011010100
1010110101000001011110011010101
1010110101000001011110011011001
1010110101000001011110011011100
1010110101000001011110011011101
1010110101000001011110011011111
1010110101000001011110011111001
1010110101000001011110011111101
1010110101000001011110101101101
1010110101000001011110101111101
1010110101000001011110111011001
1010110101000001011110111011101
1010110101000001011110111101101
1010110101000001011110111101111
1010110101000001011110111111001
1010110101000001011110111111101
1010110101000001011111010010100
1010110101000001011111010011101
1010110101000001011111011010101
1010110101000001011111011011101
1110110101100001111000011011101
1110110101100001111000011111101
1110110101100001111010011011101
1110110101100001111010011111101
1110110101100001111110011011101
1010110101000001101000001001101
1010110101000001101000001011101
1010110101000001101010011011101
1010110101000001101100101011101
1010110101000001101110111011101
1010110101000001111000001011101
1010110101000001111000011001101
1010110101000001111000011011101
1010110101000001111010011011101
1010110101000001111010111111101
1010110101000001111100101011101
1010110101000001111100111001101
1010110101000001111100111011101
1010110101000001111110011011101
1010110101000001111110111011001
1010110101000001111110111011101
1010110101000001111110111111101
1010110101000010010110011010100
1010110101000010010110011011101
1010110101000011000110001011100
1010110101000011001100001001101
1010110101000011001100001011101
1010110101000011001100011001101
1010110101000011001100011001111
1010110101000011001100011011101
1010110101000011001110001001101
1010110101000011001110001011100
1010110101000011001110001011101
1010110101000011001110011011101
1010110101000011001110101111101
1010110101000011001110111111101
1010110101000011010110010011101
1010110101000011010110011010101
1010110101000011010110011011100
1010110101000011010111010010101
1010110101000011010111011011101
1010110101000011011010011011101
1010110101000011011010011111101
1010110101000011011010111011101
1010110101000011011100011001101
1010110101000011011110001011101
1010110101000011011110001011111
1010110101000011011110010010101
1010110101000011011110011001101
1010110101000011011110011001111
1010110101000011011110011010100
1010110101000011011110011010101
1010110101000011011110011011001
1010110101000011011110011011100
1010110101000011011110011011101
1010110101000011011110011011111
1010110101000011011110011111001
1010110101000011011110011111101
1010110101000011011110111011001
1010110101000011011110111011101
1010110101000011011110111111101
1010110101000011011111010011101
1010110101000011111010011011101
1010110101000011111110111011101
1110110101100101001100001001101
1110110101100101001100001101001
1110110101100101001100001101101
1110110101100101001100101100100
1110110101100101001100101100101
1110110101100101001100101101101
1110110101100101001100101101111
1110110101100101001100101111101
1110110101100101001100111101101
1110110101100101001100111111101
1110110101100101001100111111111
1110110101100101001110101101101
1110110101100101001110101111101
1110110101100101001110111101101
1110110101100101001110111111101
1110110101100101001110111111111
1110110101100101011000011001101
1110110101100101011000011101101
1110110101100101011010011011101
1110110101100101011010011111101
1110110101100101011100011001101
1110110101100101011100011011101
1110110101100101011100011101001
1110110101100101011100011101101
1110110101100101011100101101101
1110110101100101011100101101111
1110110101100101011100101111101
1110110101100101011100101111111
1110110101100101011100111001101
1110110101100101011100111101101
1110110101100101011100111101111
1110110101100101011100111111101
1110110101100101011100111111111
1110110101100101011110011011101
1110110101100101011110011111001
1110110101100101011110011111101
1110110101100101011110101101101
1110110101100101011110101101111
1110110101100101011110101111101
1110110101100101011110101111111
1110110101100101011110111101101
1110110101100101011110111111101
1110110101100101011110111111111
1110110101100101101000001001101
1010110101000101001000001001101
1110110101100101111000011001101
1110110101100101111000011011101
1110110101100101111010011011101
1110110101100101111110011111101
1010110101000101011000011001101
1010110101000101011000011011101
1010110101000101011010011011101
1010110101000101011100011111101
1010110101000101011100111111101
1010110101000101011110011011101
1010110101000101011110011111101
1010110101000101011110111011101
1010110101000101011110111111101
1010110101000101111110111111101
1110110101100111001100101101101
1110110101100111001100101111101
1110110101100111001100111101101
1110110101100111001110101101101
1110110101100111001110101111101
1110110101100111011100111101101
1110110101100111011110101101101
1110110101100111011110111101101
1110110101100111011110111111101
1110110101100111011110111111111
1010110101000111011010011011101
1110110101100111111010011011101
1010110101000111011110111111101
1010110101001000010111011011101
1010110101001000011110011011101
0010110101100001011100111011101
0010110101100001011110111011101
1010110101001001001110011011101
1010110101001001010100011011101
1010110101001001010110011011101
1010110101001001011100011011101
1010110101001001011110010011101
1010110101001001011110011011101
1010110101001001011111010011101
1010110101001001011111011011101
1010110101001010010111011011101
1010110101001010011110010010101
1010110101001011011110010011101
1010110101001011011110011011101
0010110101100101011100011011001
0010110101100101011100011011101
0010110101100101011100111011101
0010110101100101011100111111101
0011110101100101011100111111101
1010110101010000010100001010100
1010110101010000010110011010100
1010110101010001001100001001101
1010110101010001001100001011101
1010110101010001001100011011101
1010110101010001001110001011101
1010110101010001001110011011101
1010110101010001011100001010100
1010110101010001011100001011101
1010110101010001011100011011101
1010110101010001011110001001101
1010110101010001011110001011101
1010110101010001011110001011111
1010110101010001011110011001111
1010110101010001011110011010100
1010110101010001011110011011101
1010110101010001011110111111101
1010110101010010001110011010101
1010110101010011001110001001101
1010110101010011001110001011101
1010110101010011001110011010101
1010110101010011001110011011101
1010110101010011001110111111101
1010110101010011011110001011101
1010110101010011011110011011101
1110110101110101001100111101101
1110110101110111001100101101101
1110110101110111011100111101101
1110110101110111011110101101101
1000110111000001001110011011100
1000110111000001011100011001100
1000110111000001011100011011100
1000110111000001011110011011100
1000110111000001011110011011101
1000110111000010010110011010100
1000110111000010010111010010100
1000110111000011001110001011101
1000110111000011010111010010100
1000110111000011011110010010100
1000110111000011011110011010100
1000110111000011011110011011100
1000110111000011011111010010100
0111110101100101011100111101101
1000110111001010010111010010100
1010110101100001001010011011101
1010110101100001001100001001111
1010110101100001001110011001111
1010110101100001001110011011101
1010110101100001001110111011101
1010110101100001001110111111101
1010110101100001011000011011101
1010110101100001011000011111101
1010110101100001011000111011101
1010110101100001011010011011101
1010110101100001011010011111101
1010110101100001011010111011101
1010110101100001011100011011101
1010110101100001011100111011001
1010110101100001011100111011101
1010110101100001011100111111101
1010110101100001011110001001111
1010110101100001011110011001111
1010110101100001011110011011101
1010110101100001011110101001111
1010110101100001011110111011001
1010110101100001011110111011101
1010110101100001011110111111101
1010110101100001101010011011101
1010110101100001101100001011101
1010110101100001101110011011101
1010110101100001101110111011001
1010110101100001101110111011101
1010110101100001101110111111101
1010110101100001111000011011101
1010110101100001111000011111101
1010110101100001111010011011101
1010110101100001111010011111101
1010110101100001111100001011101
1010110101100001111100011011101
1010110101100001111100011111101
1010110101100001111100111011001
1010110101100001111100111011101
1010110101100001111100111111101
1010110101100001111110001001111
1010110101100001111110011011101
1010110101100001111110011111101
1010110101100001111110111011001
1010110101100001111110111011101
1010110101100001111110111111101
1010110101100011011010011011101
1010110101100011011110011011101
1010110101100011011110111011101
1010110101100011011110111111101
1010110101100011101110011011101
1010110101100011111010011011101
1010110101100011111010011111101
1010110101100011111110011011101
1010110101100011111110011111101
1010110101100011111110111011001
1010110101100011111110111011101
1010110101100011111110111111101
1010110101100101001100001011101
1010110101100101001100101101101
1010110101100101001100101111101
1010110101100101001100111111101
1010110101100101001100111111111
1010110101100101001110011011101
1010110101100101001110101101101
1010110101100101001110101111101
1010110101100101001110111101101
1010110101100101001110111101111
1010110101100101001110111111101
1010110101100101011000011011101
1010110101100101011000011111101
1010110101100101011000111011101
1010110101100101011010011011101
1010110101100101011010111011101
1010110101100101011100011011101
1010110101100101011100011111001
1010110101100101011100011111101
1010110101100101011100101101101
1010110101100101011100101111101
1010110101100101011100101111111
1010110101100101011100111011001
1010110101100101011100111011101
1010110101100101011100111101101
1010110101100101011100111101111
1010110101100101011100111111101
1010110101100101011100111111111
1010110101100101011110011011101
1010110101100101011110011011111
1010110101100101011110011111001
1010110101100101011110011111101
1010110101100101011110101101101
1010110101100101011110101101111
1010110101100101011110101111101
1010110101100101011110111011101
1010110101100101011110111101101
1010110101100101011110111101111
1010110101100101011110111111101
1010110101100101011110111111111
1010110101100101101000001001101
1010110101100101101000001011101
1000110111010001001100001001101
1010110101100101101010011011101
1000110111010001001110001011101
1000110111010001001110011011100
1000110111010001001110011011101
1000110111010001011100001011101
1010110101100101111000011011101
1010110101100101111010011001101
1010110101100101111010011011101
1010110101100101111010011011111
1000110111010001011110010011100
1000110111010001011110011011100
1000110111010001011110011011101
1000110111010001011111010010100
1010110101100111001100101101101
1010110101100111001100101111101
1010110101100111001100111111101
1010110101100111001110101111101
1010110101100111001110111111101
1010110101100111011110011011101
1010110101100111011110111101101
1010110101100111011110111101111
1010110101100111011110111111101
1010110101100111011110111111111
1000110111010011001110011010100
1000110111010011001110011011100
1000110111010011001110011011101
1010110101100111111010011011101
1000110111010011011110011011101
0011110110001000011110010010101
0011110110001000011111010010101
0011110110001001011110010010101
1010110101110011101110011011101
1010110101110101011110111111101
1010110101110111001110011011101
1010110101110111001110111110101
1010110101110111001110111111101
1010110101110111011110111111101
1010110110000001011110010010101
1010110110000001011110011011101
1100110111100101011100111101100
1010110110001000010111010010101
1010110110001000011110010010101
1010110110001000011111010010101
1010110110001001011110010010101
1010110110001001011110011011101
1010110110001001011111010010101
1010110110001001011111010011101
1100110111110111011110101101101
0001110101000000011110011010101
0001110101000000011111011010101
0001110101000001011110011011100
1010110110011001010110010011100
1010110110011001011111010011100
0001110101001000011110010010100
1110110111000011011110011001101
0010110111000001011110011011001
0010110111000001011110011011101
0010110111000001011110011111101
0010110111000001011110111011101
0011110111000000010110010010101
0011110111000000010110011010100
0011110111000000010110011010101
0011110111000000010110011011101
0011110111000000011110010010101
0011110111000000011110011010101
0011110111000000011110011011101
0011110111000000011111010010101
0011110111000000011111011010101
0011110111000001010110011010101
0011110111000001010111010010101
0011110111000001011110010010101
0011110111000001011110011011101
1011110111000000011110010010101
1011110111000000011110011010101
1011110111000000011111010010101
1011110111000000011111011010101
1011110111000001010111010010101
1011110111000001011110010010101
1011110111000001011110011011101
0011110111000011001110001011101
0011110111000011001110011011101
0011110111000011011110011011101
0010110111001000011110010010101
0011110111001000001110000010101
0011110111001000001110010010101
0011110111001000011100000010101
0011110111001000011100010000101
0011110111001000011100010010101
0011110111001000011110010000111
0011110111001000011110010010001
0011110111001000011110010010101
0011110111001000011110010110001
0011110111001000011110011011101
0011110111001000011110110010001
0011110111001000011110110110001
0011110111001000011110110110101
0011110111001000011111011010101
1011110111001000011110010010001
1011110111001000011110010010101
1011110111001000011110110110001
0011110111001010001110000010101
0011110111001010001110010010101
0011110111001010011110010010101
0011110111010001010110010011100
1011110111010001010110010011100
1010110111000000010110010010101
1010110111000000010110010011100
1010110111000000010110011010100
1010110111000000010110011010101
1010110111000000010110011011101
1010110111000000010111010010101
1010110111000000010111010011101
1010110111000000010111011010101
1010110111000000011110010010101
1010110111000000011110011010101
1010110111000000011110011011101
1010110111000000011111010010101
1010110111000000011111011010101
1010110111000001000110000011100
1010110111000001000110010011100
1010110111000001001100001001101
1010110111000001001100001011101
1010110111000001001100011011101
1010110111000001001110000010101
1010110111000001001110000011100
1010110111000001001110001001101
1010110111000001001110001011100
1010110111000001001110001011101
1010110111000001001110010010101
1010110111000001001110010011100
1010110111000001001110011011100
1010110111000001001110011011101
1010110111000001001110111111101
1010110111000001010110010010101
1010110111000001010110010011100
1010110111000001010110010011101
1010110111000001010110011010101
1010110111000001010110011011100
1010110111000001010110011011101
1010110111000001010111010010101
1010110111000001010111011010101
1010110111000001010111011011101
1010110111000001011010011011101
1010110111000001011010011111101
1010110111000001011010110010101
1010110111000001011010111011101
1010110111000001011100000010101
1010110111000001011100001011101
1010110111000001011100010000101
1010110111000001011100010010101
1010110111000001011100011001101
1010110111000001011100011011101
1010110111000001011110001001101
1010110111000001011110001011101
1010110111000001011110001011111
1010110111000001011110010000111
1010110111000001011110010010101
1010110111000001011110010011100
1010110111000001011110010011101
1010110111000001011110011001101
1010110111000001011110011001111
1010110111000001011110011010100
1010110111000001011110011010101
1010110111000001011110011011001
1010110111000001011110011011100
1010110111000001011110011011101
1010110111000001011110011111001
1010110111000001011110011111101
1010110111000001011110110110101
1010110111000001011110111011001
1010110111000001011110111011101
1010110111000001011110111111101
1010110111000001011111010010100
1010110111000001011111010010101
1010110111000001011111010011101
1010110111000001011111011010101
1010110111000001111010011011101
1010110111000001111110111011101
1110110111100101011100110100101
1110110111100101011100111101101
1110110111100101011110110110101
1110110111100101011110111111101
1010110111000011000100000011100
1010110111000011000110000010100
1010110111000011000110000011100
1010110111000011000110001011100
1010110111000011000110010011100
1010110111000011001100000011100
1010110111000011001100001001100
1010110111000011001100001001101
1010110111000011001100001011100
1010110111000011001100001011101
1010110111000011001100011011101
1010110111000011001110000010100
1010110111000011001110000010101
1010110111000011001110000011100
1010110111000011001110000011101
1010110111000011001110001001101
1010110111000011001110001010100
1010110111000011001110001010101
1010110111000011001110001011100
1010110111000011001110001011101
1010110111000011001110010010100
1010110111000011001110010010101
1010110111000011001110010011100
1010110111000011001110010011101
1010110111000011001110011001101
1010110111000011001110011001111
1010110111000011001110011010100
1010110111000011001110011010101
1010110111000011001110011011100
1010110111000011001110011011101
1010110111000011001110101111101
1010110111000011001110111111101
1010110111000011001111000010100
1010110111000011001111010010100
1010110111000011010110010011100
1010110111000011010111011011101
1010110111000011011010111011101
1010110111000011011100001011101
1010110111000011011100011001101
1010110111000011011100011011101
1010110111000011011110001001101
1010110111000011011110001011101
1010110111000011011110010010101
1010110111000011011110010011100
1010110111000011011110010011101
1010110111000011011110011001101
1010110111000011011110011001111
1010110111000011011110011010100
1010110111000011011110011010101
1010110111000011011110011011100
1010110111000011011110011011101
1010110111000011011110111111101
1110110111100111001100101101101
1110110111100111001100111101101
1110110111100111001110101101101
1110110111100111001110101111101
1110110111100111001110111101101
1110110111100111011100111101101
1110110111100111011110101101101
1110110111100111011110111101101
1110110111100111011110111111101
1010110111000101011010011011101
1010110111000101011110111111101
1010110111001000001110010010101
1010110111001000010111010010101
1010110111001000010111011010101
1010110111001000010111011011101
1010110111001000011100010010101
1010110111001000011110010010101
1010110111001000011110011011101
1010110111001000011111010010101
1010110111001000011111011010101
1010110111001001010110010010101
1010110111001001010110010011100
1010110111001001010110011011101
1010110111001001011110010010101
1010110111001001011110010011101
1010110111001001011111010010101
1010110111001011000110000011100
1010110111001011001110000011101
1010110111001011001110010011101
1010110111001011010110010011100
1010110111001011011110010011101
1010110111010000010110010011100
1010110111010000010110011010100
1010110111010000011111010011100
1010110111010001000110010011100
1010110111010001001110001011101
1010110111010001001110011010101
1010110111010001001110011011101
1010110111010001010100000011100
1010110111010001010110000001100
1010110111010001010110000011100
1010110111010001010110010011100
1010110111010001010111010011100
1010110111010001010111011011100
1010110111010001011100000011100
1010110111010001011100001011100
1010110111010001011100001011101
1010110111010001011101000011100
1010110111010001011110000011100
1010110111010001011110001011101
1010110111010001011110010010101
1010110111010001011110010011100
1010110111010001011110011010100
1010110111010001011110011010101
1010110111010001011110011011100
1010110111010001011110011011101
1010110111010001011110111111101
1010110111010001011111010011100
0011110111101000111110010010101
0011110111101000111110110010001
1010110111010011000110010011100
1010110111010011000110010011101
1010110111010011001110001001101
1010110111010011001110001011100
1010110111010011001110001011101
1010110111010011001110010010101
1010110111010011001110010011100
1010110111010011001110010011101
1010110111010011001110011010100
1010110111010011001110011010101
1010110111010011001110011011100
1010110111010011001110011011101
1010110111010011001110111111101
1010110111010011001111010011100
1010110111010011001111010011101
1010110111010011010110010011100
1010110111010011011110010010101
1010110111010011011110010011101
1010110111010011011110011010100
1010110111010011011110011010101
1010110111010011011110011011100
1010110111010011011110011011101
1010110111011001010100000011100
1010110111011001010110000011100
1010110111011001010110010011100
1010110111011001011110010011100
1010110111011001011111010011100
1010110111011011000110010011100
1010110111011011001110010011101
1010110111011011011110010011101
1010110111100001011110011011101
1010110111100001011110111011101
1010110111100001111010011011101
1010110111100001111110010010101
1010110111100001111110011011101
1010110111100001111110111011001
1010110111100001111110111011101
1010110111100001111110111111101
1010110111100011101110011011101
1010110111100011111110011011101
1010110111100101001110111111101
1010110111100101011100110110101
1010110111100101011100111111101
1010110111100101011110011011101
1010110111100101011110110110101
1010110111100101011110111111101
1010110111100111001110101101101
1010110111100111001110101111101
1010110111100111001110111111101
1010110111100111011100111111101
1010110111100111011110111111101
1010110111110101011110111111101
1010110111110111001110111111101
0011111001100101111100011011101
1000111100000001010111011010101
1000111100000001010111011011100
1000111100000011010111011011100
1000111100001000010111010010100
0110111101100101011100111101001
1000111101000001010110011011100
1000111101000001010111011010101
1000111101000001010111011011100
0010111100000001011100011011101
0010111100000001011110011011101
0010111100000011011110011011101
0011111100000001001100001011101
0011111100000001001110011011101
0011111100000001011100001011101
0011111100000001011100011011101
0011111100000001011110011011101
0011111100000011011110011011101
0010111100001000011110011011101
0010111100001001011110011011101
0011111100001000010110011011101
0011111100001000011100011011101
0011111100001000011110011011101
0011111100001001001110011011101
0011111100001001011100011011101
0011111100001001011110011011101
0011111100001001011111010011101
0011111100001010010111010010101
0011111100001010011110011011101
0011111100001011011110011011101
1010111100000001001110011011101
1010111100000001010101011011101
1010111100000001010111011011101
1010111100000001011100011011101
1010111100000001011110011011001
1010111100000001011110011011101
1010111100000011010111011011101
1010111100000011011110011011101
1010111100001000011100011011101
1010111100001000011110011011101
1010111100001001010110011011101
1010111100001001011110011011101
1010111100001001011111010011101
1010111100001010011110011011101
1000111110001010010111010010100
0010111101000001011100111111001
0010111101000001011110011011101
0010111101000001011110111111001
1011111101000001011110011011101
0011111101000000010110011010100
0011111101000000010110011011101
0011111101000000011110011011101
0011111101000001001100001001101
0011111101000001001100001011101
0011111101000001001100011011101
0011111101000001001110001011101
0011111101000001001110011011101
0011111101000001011100001011101
0011111101000001011100011001101
0011111101000001011100011011101
0011111101000001011110011001111
0011111101000001011110011011101
0011111101000001011110111011101
0011111101000001111110111011101
0011111101000011001110001011101
0011111101000011001110011011101
0011111101000011011110011010101
0011111101000011011110011011101
0011111101000101011010011011101
0011111101001000011110011011101
0011111101001001011110011011101
0111111101000001011100011001101
0011111101010000010100001010100
0011111101010000010110011010100
0011111101010001011110011011101
0011111101010010001110011010101
0011111101010011001110011010101
0011111101010011001110011011101
1010111101000001001100001011101
1010111101000001001110011011101
1010111101000001010100011011101
1010111101000001010110011011101
1010111101000001010111011011101
1010111101000001011100001011101
1010111101000001011100011011101
1010111101000001011110011011101
1111111101100101011100111101101
1010111101000011000110001011100
1010111101000011010110011010101
1010111101000011010110011011100
1010111101000011010110011011101
1010111101000011010111010010101
1010111101000011010111011011101
1010111101000011011110011011101
0011111101100001011100111011101
1010111101001001011100011011101
0011111101100001011110111011101
1010111101001001011110011011101
0011111101100001111100011011101
0011111101100001111110011011101
0010111101100101011100111111001
1011111101100101011100111111101
1010111101001011011110011011101
0011111101100101011100011011101
0011111101100101011100111011101
0011111101100101011100111111101
0011111101100101011110011011101
0011111101100101011110111111101
0111111101100101011100111101101
0001111100000000011111011010101
0001111100000001011110010010100
0001111100001000010111010010100
0001111100001000010111011010101
0001111100001000011111011010101
0010111110000001011110010010101
0010111110000001011110011011101
0011111110000000010111011010101
0011111110000000011110010010101
0011111110000000011111010010101
0011111110000000011111011010101
0011111110000001011110010010101
0011111110000001011110011011101
1010111101101101011100111111101
0010111110001000011110010010101
0011111110001000010101010010101
0011111110001000010110011010101
0011111110001000010110011011101
0011111110001000010111010010100
0011111110001000010111010010101
0011111110001000010111011010101
0011111110001000010111110110101
0011111110001000011100010010101
0011111110001000011110010010101
0011111110001000011110011011101
0011111110001000011111010010101
0011111110001000011111011010101
0011111110001001011110010010101
0011111110001010000111000010100
1010111110000001010111011010101
1010111110000001010111011011101
1010111110000001011110010010101
1010111110000001011110011011101
1010111110001000010111010010101
1010111110001000011110010010001
1010111110001000011110010010101
1010111110001000011110011011101
1010111110001000011111010010101
1010111110001000011111011010101
1010111110011001010110010011100
0001111101000001011110011010101
0001111101000001011110011011100
1011111111000000010110011010101
1011111111000000010111010010101
1011111111000000011110010010101
0011111111000000010110011010100
0011111111000000010110011010101
0011111111000000010110011011101
0011111111000000010111010010101
0011111111000000010111011010101
0011111111000000011110010010101
0011111111000000011110011010101
0011111111000000011110011011101
0011111111000000011111011010101
0011111111000001001110011011101
0011111111000001010111011010101
0011111111000001011110010010101
0011111111000001011110011010101
0011111111000001011110011011101
0011111111000001011111010010101
0011111111000011001110001011101
0011111111000011001110011011101
0011111111000011011110011011101
1011111111001000011110010010101
1011111111001000011110010110101
0011111111001000011110010010101
0011111111001001011110010010101
0011111111010001011110011011101
1010111111000000011110010010101
1010111111000001010110010010101
1010111111000001010110011010101
1010111111000001010110011011100
1010111111000001010110011011101
1010111111000001010111010010101
1010111111000001010111011010101
1010111111000001010111011011101
1010111111000001011110010010101
1010111111000001011110011011101
1010111111001000011110010010001
1010111111001000011110010010101
1010111111001001011110010010101
0101111110101110010111110100100
1010111111010001010110010011100
1010111111011001010110010011100
0001111110001000000111010010100
0001111110001000010101010010100
0001111110001000010111010010100
0001111110001010000111000010100
0001111110001010000111010010100
0001111110001010010111010000100
0001111110001010010111010000110
0001111110001010010111010010100
0001111110001010010111110110100
0001111110011000010111010010100
0001111110011010000111010010100
0001111110101110010111110110100